1291821571291222087
1291821572386066473
1291821594439581748
1291821595421179987
1291821596222296078
1291821859863789649
1291821861331538110
1291821882957500588
1291821884156936313
1291821885096595467
1291821907452235776
1291821908400148490
1291821909335474188
1291821931309564025
1291821932265869324
1291821933477757072
1291821956152426516
1291821957569974324
1291821958475939925
1291821980580053136
1291821981846601910
1291821982853234740
1291822004806090834
1291822005804601465
1291822006878077009
1291822029325992111
1291822030512984126
1291822031855157248