1292103014248611963
1292103014961778800
1292103036789063741
1292103037891903651
1292103038877700224
1292103060843266151
1292103061723942922
1292103062344962133
1292103084499144747
1292103085849837622
1292103086894219399
1292103110168285275
1292103111556599919
1292103112525611030
1292103135904399420
1292103137246580816
1292103138517717092
1292103160533356655
1292103161590448128
1292103162634965013
1292103184675897398
1292103185590255711
1292103186580111385
1292103208835092625
1292103209447325717
1292103210701426688
1292103232688095304
1292103234185334784